base_link2sensor_kit_base_link:
  x: 0.6895
  y: 0.0
  z: 2.10
  roll: 0.0
  pitch: -0.017
  yaw: -0.022
base_link2livox_front_right_base_link:
  x: 3.34496
  y: -0.71084
  z: 0.44819
  roll: -3.12827
  pitch: -3.11198
  yaw: 2.2631
base_link2livox_front_left_base_link:
  x: 3.30612
  y: 0.730869
  z: 0.467323
  roll: -0.0243998
  pitch: 0.00246566
  yaw: 0.834616
base_link2velodyne_rear_base_link:
  x: -0.463376
  y: -0.0191915
  z: 1.65
  roll: -0.0258193
  pitch: 0.738549
  yaw: 3.10169